@relation Iris_Plants_Database
@attribute sepalLength real [4.3, 7.9]
@attribute sepalWidth real [2.0, 4.4]
@attribute petalLength real [1.0, 6.9]
@attribute petalWidth real [0.1, 2.5]
@attribute class {Iris-setosa, Iris-versicolor, Iris-virginica}
@inputs sepalLength, sepalWidth, petalLength, petalWidth
@outputs class
Hidden layers: 4
Neurons per layer:
4
15
15
3
Transfer function:
Htan
Htan
Htan
Weights:

Layer 0:
-0.21726771714985746 -1.7328841206907746 2.6249220446587165 1.3551346151489823 -0.9430249132590567 -1.4954833600340083 0.16724506634192068 0.6028495920644745 0.4791120903882496 1.215732264125145 0.44786081446830106 -0.06604873071829591 -0.5904938978625541 -1.1447621679317692 -0.17194691969047265 0.14129823644921047 -0.6063474298036318 0.07579926075673539 1.4888998840415026 0.563232220884462 0.10078667952127265 -0.3418236756144054 3.563510666050665 1.305980689587831 0.6330167095719265 1.93892447250991 0.622149575772388 -0.9413464910264099 0.17529447572996795 -0.20371782905319752 -0.18192383026237272 -0.38363763121627414 0.5195573613050127 1.0584178608417352 0.048022757838054805 -0.15559043564443348 0.1514160623852832 -0.369623248529784 -0.19762111441353136 -0.5239969376892886 0.3107188343569683 0.6526458748443213 0.8845862497258559 0.041204194426906364 -0.2582802028288393 -1.3191442337448471 -0.37557107863272443 -0.5938963713049982 0.6701567125269484 0.9361855075124119 0.16898635689484612 -0.17913170661611752 1.507924068457188 3.889963378345702 0.10076491862677088 -1.048643117815377 1.560042603216974 3.6802903005464227 -0.6293650216995778 -1.1243289412266377 
Layer 1:
-0.6158384334660244 -0.23637822404308814 0.27140052859437297 -0.15047626263696143 0.401011664764134 0.31933528457373195 0.20963133220261834 -0.1740765371315691 0.1559556044844267 -0.17557420142889485 -0.07519281057695866 7.157130571180944E-4 0.12566878434388098 0.22253551584557416 0.3522013909246457 0.04666884451928239 -0.22037007928468116 0.06646923751555449 -0.11359492248838639 0.5158142898248946 0.9392680886233674 -0.10991422388803511 -0.014987825297438343 0.12066140740921899 0.0031099080302500184 -0.014708965407051855 -0.02977165515359209 -0.022036230637947993 0.10788731640440705 0.4899759804403046 -0.4749603908774179 -0.009351537275940085 0.07661978403619377 -0.21510900622701315 0.41023944081279345 0.5038085379267088 0.31807574206054756 0.14469386157806602 0.22833925095548227 0.12730168086865684 -0.059337571553674494 -0.16763597439209957 0.24775543491978308 -0.01680735069386679 0.4276666212769799 -0.42877174148925873 -0.6803454555618798 -0.004194149629041921 0.08773238497020713 0.11566823299945281 0.18845637158366743 0.25180476270975205 0.23408749739064008 -0.08251043962938091 0.25928456502921066 -0.18435684546604555 -0.004525594298021381 -0.04372366487577969 0.031796997089570594 0.629706695809726 -0.5835370333560912 0.04671079440676469 -0.07282811407761598 0.03034586048038169 -0.20571370500370942 -0.07095128671737114 0.03845488381250782 0.04901326331262866 -0.03854622350801916 0.05709581143304156 -0.08082116836363237 0.09629517918789594 -0.04910770445613293 0.1446879015386469 -0.1037358775497668 -0.9752780825451374 0.8557450955658488 -0.8610435360808454 0.3495063518374445 -0.22789718157186153 -0.3778124393914742 -0.7674658978003098 0.637680937941999 -0.32321879785091856 0.6661125933899718 -0.3832297607368596 0.43095350635588486 -0.12713354001986274 -0.41333575004696227 -0.01637862463933132 0.21217600209379503 0.9330177731910503 0.09854521240453191 -0.30062525554822156 0.03987632755165243 0.40182409180616524 -1.1590947404506267 0.25052407197291354 0.31118661813487863 0.23194820178712314 0.11446846886509109 -0.3248996426522097 0.3742609644483519 -1.3544749474446316 -0.433607262984939 0.4653164188800407 0.3507642210436665 0.43453815050270167 -0.6016717824681626 0.44147898592774176 0.8339744802504677 -0.493511938519782 -0.11121913338851683 0.6164986042752173 -0.15173426919178182 0.3927080961740574 -0.6179375271905747 0.64164408382982 -0.7773987411305298 0.035227528341111376 -0.8789109133801134 -0.5815158650760609 0.1719194936626606 -0.2754473533237846 0.03227557211215863 0.049090960622794895 0.356443335854823 -0.10890994562736298 0.3235730799579874 -0.09314462906537158 0.14624409639702673 -0.2328760033885936 0.39366745949871035 0.43645756984133377 0.4553727972429986 -1.1076678772631907 -0.7695109634735335 -0.20718146690967532 0.18395596803393643 0.4175454791905291 0.8689452677493085 0.706658824723954 -0.3075816708012455 -0.12467008844681998 -0.1716057901787258 -0.10995394595622679 0.23728984854500204 -0.16439724392830635 0.8292519992993261 0.5183413177586426 0.2884537608550464 0.12418705274755518 0.402863370344568 -0.42035675918645826 -0.5096894821350408 -0.343976750421881 -0.0663500754822083 -0.3662999474492944 0.35576306311802547 -0.3697287506741758 0.41431773632674024 -0.4221751514175462 0.39814127811465894 0.05824214726096957 -0.49597456487413655 -2.2942332225382147 0.11311519897323663 -0.602999375495043 0.4092317939670488 -0.6027971918283157 0.1781890221424846 -0.07380452976846787 0.37342677254605844 -0.3768081736007014 0.5226203970976623 -0.47686623429755537 0.47407273574293146 -0.334903906361747 -0.9148712016870179 -0.34255831089996147 0.011486016482297697 0.08065668610834095 0.08395274366467327 0.014644270490824939 -0.41699171079954084 -0.5360471378149213 0.08907826248677174 0.1303890260797291 -0.029182912183008624 0.12247610699974408 -0.15410256475617495 0.02075543823546919 -0.023532099675684853 -0.39876430279551234 -0.8034083415345118 1.9475352274828892 -0.045301116548566715 -0.2579563456081778 0.253946197921091 0.5543120328456546 0.5197526232124359 -0.13838976042780285 -0.2259096186418993 -0.2790063680338058 -0.2164029223923877 0.17443644271033432 0.3242421299323917 -0.3724838513534541 -0.5039425332931398 0.008261522173470802 -0.5183034273714126 -0.7242064115067789 0.3441864698691862 -0.3043994428610182 -0.37688050209493634 1.6821674508688356 0.3150398838808639 -0.2979512750876541 0.3188789798941597 -0.33522160896538095 0.013206296462519924 -0.23024356635368368 0.11088204323270003 0.023664897798848512 0.2870940046489922 
Layer 2:
-0.15749356332439135 -0.6509189973352624 -0.6588695863240127 -0.2365302963017113 0.5103780526796688 0.18986374146603152 0.8140503584986013 -0.16509853939371746 -0.08488146056827363 -0.6203584475955319 -0.34293551690297797 1.1328455704159992 0.8693767512516015 -0.09746755169895484 -0.11055271462394033 -0.8267019058605024 -1.35014563364785 -0.6353814649726764 0.034842727033015865 0.1932994678124562 -0.29250849963693754 -0.7361621551861833 -1.572053132684351 -0.6576807117828916 0.2042326816243283 -0.8504733455426132 -0.20153282386089832 1.5854049182843015 1.8617422508094248 -1.0975753173096352 -0.22193653699330007 -0.955227368051933 -0.415648758959406 -0.905391175724492 0.26777302971827177 -1.0142121893326248 0.8176283355327959 -0.19783481623137297 -0.45430387408705236 -1.7794477234045594 -0.2821096413793987 -0.8464961209926034 1.2221996382685003 0.440399366396648 -0.025394272231942464 